2	2.5618	4.4042	2.5177	246.3471	240.9096
2	2.8423	4.859	2.5803	313.8257	278.4338
2.5	3.0492	5.2022	2.6239	382.9544	327.636
5	3.3191	5.6589	2.6912	492.2221	403.1419
7.5	3.551	6.084	2.7771	631.7404	540.8272
7.5	3.8149	6.6171	2.9389	777.0853	582.4728
5.5	4.1791	7.2922	3.1459	931.3507	702.211
4	4.366	7.6031	3.2348	1056.839	847.1757
4	4.5483	7.9043	3.3124	1180.6912	991.6765
5	4.6379	8.0619	3.3536	1299.2103	1060.1191
6.5	4.7575	8.2489	3.4031	1477.6375	1163.3956
8.5	4.8076	8.3369	3.4242	1388.8404	1038.2721
15	4.8666	8.4354	3.4452	1263.9162	857.3934
20	4.8714	8.4244	3.4438	1200.7662	787.2985
